37 [0, 46]
55 [1, 49]
23 [2, 36, 44, 104]
24 [3, 17, 68, 91]
64 [4, 27, 95]
57 [5, 21, 39, 59]
60 [6]
50 [7, 26, 56, 86]
25 [8, 63, 69]
20 [9, 31, 85, 89]
18 [10, 58, 88, 97]
29 [11]
54 [12, 78]
36 [13, 16, 73, 99, 101]
33 [14, 40, 51, 98]
26 [15, 61]
65 [18, 28]
63 [19, 103]
40 [20, 87]
41 [22]
21 [23, 32, 79]
47 [24, 100]
27 [25, 65]
46 [29]
34 [30]
53 [33, 43]
51 [34]
48 [35, 92, 102]
43 [37, 48, 70]
59 [38, 42]
35 [41, 54]
58 [45, 93, 94]
62 [47]
38 [50, 62, 75]
56 [52, 82]
31 [53, 84]
39 [55]
32 [57]
44 [60, 64, 76]
52 [66, 72, 74]
42 [67, 81]
49 [71, 96]
19 [77, 80]
16 [83]
15 [90]
